     x             u(x)    
=============================
0.000000e+00     0.000000e+00
1.000000e-03     1.798219e-02
2.000000e-03     2.682428e-02
3.000000e-03     3.556835e-02
4.000000e-03     4.421538e-02
5.000000e-03     5.276633e-02
6.000000e-03     6.122215e-02
7.000000e-03     6.958380e-02
8.000000e-03     7.785221e-02
9.000000e-03     8.602831e-02
1.000000e-02     9.411301e-02
1.100000e-02     1.021072e-01
1.200000e-02     1.100119e-01
1.300000e-02     1.178278e-01
1.400000e-02     1.255559e-01
1.500000e-02     1.331971e-01
1.600000e-02     1.407523e-01
1.700000e-02     1.482222e-01
1.800000e-02     1.556077e-01
1.900000e-02     1.629098e-01
2.000000e-02     1.701291e-01
2.100000e-02     1.772665e-01
2.200000e-02     1.843229e-01
2.300000e-02     1.912991e-01
2.400000e-02     1.981958e-01
2.500000e-02     2.050138e-01
2.600000e-02     2.117539e-01
2.700000e-02     2.184170e-01
2.800000e-02     2.250037e-01
2.900000e-02     2.315148e-01
3.000000e-02     2.379511e-01
3.100000e-02     2.443133e-01
3.200000e-02     2.506022e-01
3.300000e-02     2.568184e-01
3.400000e-02     2.629628e-01
3.500000e-02     2.690360e-01
3.600000e-02     2.750387e-01
3.700000e-02     2.809717e-01
3.800000e-02     2.868355e-01
3.900000e-02     2.926310e-01
4.000000e-02     2.983588e-01
4.100000e-02     3.040196e-01
4.200000e-02     3.096139e-01
4.300000e-02     3.151426e-01
4.400000e-02     3.206063e-01
4.500000e-02     3.260055e-01
4.600000e-02     3.313410e-01
4.700000e-02     3.366133e-01
4.800000e-02     3.418231e-01
4.900000e-02     3.469711e-01
5.000000e-02     3.520578e-01
5.100000e-02     3.570838e-01
5.200000e-02     3.620498e-01
5.300000e-02     3.669564e-01
5.400000e-02     3.718040e-01
5.500000e-02     3.765935e-01
5.600000e-02     3.813252e-01
5.700000e-02     3.859998e-01
5.800000e-02     3.906178e-01
5.900000e-02     3.951798e-01
6.000000e-02     3.996865e-01
6.100000e-02     4.041382e-01
6.200000e-02     4.085356e-01
6.300000e-02     4.128792e-01
6.400000e-02     4.171695e-01
6.500000e-02     4.214072e-01
6.600000e-02     4.255926e-01
6.700000e-02     4.297263e-01
6.800000e-02     4.338089e-01
6.900000e-02     4.378407e-01
7.000000e-02     4.418225e-01
7.100000e-02     4.457546e-01
7.200000e-02     4.496375e-01
7.300000e-02     4.534717e-01
7.400000e-02     4.572578e-01
7.500000e-02     4.609961e-01
7.600000e-02     4.646872e-01
7.700000e-02     4.683315e-01
7.800000e-02     4.719296e-01
7.900000e-02     4.754817e-01
8.000000e-02     4.789886e-01
8.100000e-02     4.824504e-01
8.200000e-02     4.858678e-01
8.300000e-02     4.892412e-01
8.400000e-02     4.925709e-01
8.500000e-02     4.958575e-01
8.600000e-02     4.991013e-01
8.700000e-02     5.023028e-01
8.800000e-02     5.054624e-01
8.900000e-02     5.085806e-01
9.000000e-02     5.116576e-01
9.100000e-02     5.146940e-01
9.200000e-02     5.176902e-01
9.300000e-02     5.206465e-01
9.400000e-02     5.235634e-01
9.500000e-02     5.264412e-01
9.600000e-02     5.292803e-01
9.700000e-02     5.320811e-01
9.800000e-02     5.348440e-01
9.900000e-02     5.375694e-01
1.000000e-01     5.402577e-01
1.010000e-01     5.429091e-01
1.020000e-01     5.455241e-01
1.030000e-01     5.481031e-01
1.040000e-01     5.506463e-01
1.050000e-01     5.531543e-01
1.060000e-01     5.556272e-01
1.070000e-01     5.580655e-01
1.080000e-01     5.604694e-01
1.090000e-01     5.628394e-01
1.100000e-01     5.651758e-01
1.110000e-01     5.674790e-01
1.120000e-01     5.697491e-01
1.130000e-01     5.719866e-01
1.140000e-01     5.741918e-01
1.150000e-01     5.763651e-01
1.160000e-01     5.785067e-01
1.170000e-01     5.806169e-01
1.180000e-01     5.826961e-01
1.190000e-01     5.847445e-01
1.200000e-01     5.867626e-01
1.210000e-01     5.887505e-01
1.220000e-01     5.907086e-01
1.230000e-01     5.926372e-01
1.240000e-01     5.945365e-01
1.250000e-01     5.964069e-01
1.260000e-01     5.982487e-01
1.270000e-01     6.000621e-01
1.280000e-01     6.018474e-01
1.290000e-01     6.036049e-01
1.300000e-01     6.053349e-01
1.310000e-01     6.070376e-01
1.320000e-01     6.087134e-01
1.330000e-01     6.103624e-01
1.340000e-01     6.119850e-01
1.350000e-01     6.135814e-01
1.360000e-01     6.151518e-01
1.370000e-01     6.166967e-01
1.380000e-01     6.182160e-01
1.390000e-01     6.197103e-01
1.400000e-01     6.211796e-01
1.410000e-01     6.226243e-01
1.420000e-01     6.240446e-01
1.430000e-01     6.254406e-01
1.440000e-01     6.268128e-01
1.450000e-01     6.281613e-01
1.460000e-01     6.294863e-01
1.470000e-01     6.307881e-01
1.480000e-01     6.320668e-01
1.490000e-01     6.333229e-01
1.500000e-01     6.345564e-01
1.510000e-01     6.357675e-01
1.520000e-01     6.369566e-01
1.530000e-01     6.381238e-01
1.540000e-01     6.392694e-01
1.550000e-01     6.403935e-01
1.560000e-01     6.414964e-01
1.570000e-01     6.425783e-01
1.580000e-01     6.436394e-01
1.590000e-01     6.446799e-01
1.600000e-01     6.456999e-01
1.610000e-01     6.466998e-01
1.620000e-01     6.476798e-01
1.630000e-01     6.486399e-01
1.640000e-01     6.495804e-01
1.650000e-01     6.505015e-01
1.660000e-01     6.514035e-01
1.670000e-01     6.522864e-01
1.680000e-01     6.531505e-01
1.690000e-01     6.539959e-01
1.700000e-01     6.548229e-01
1.710000e-01     6.556316e-01
1.720000e-01     6.564223e-01
1.730000e-01     6.571950e-01
1.740000e-01     6.579500e-01
1.750000e-01     6.586875e-01
1.760000e-01     6.594076e-01
1.770000e-01     6.601104e-01
1.780000e-01     6.607963e-01
1.790000e-01     6.614652e-01
1.800000e-01     6.621175e-01
1.810000e-01     6.627533e-01
1.820000e-01     6.633727e-01
1.830000e-01     6.639758e-01
1.840000e-01     6.645630e-01
1.850000e-01     6.651342e-01
1.860000e-01     6.656898e-01
1.870000e-01     6.662297e-01
1.880000e-01     6.667543e-01
1.890000e-01     6.672636e-01
1.900000e-01     6.677578e-01
1.910000e-01     6.682370e-01
1.920000e-01     6.687014e-01
1.930000e-01     6.691512e-01
1.940000e-01     6.695865e-01
1.950000e-01     6.700073e-01
1.960000e-01     6.704140e-01
1.970000e-01     6.708066e-01
1.980000e-01     6.711852e-01
1.990000e-01     6.715500e-01
2.000000e-01     6.719011e-01
2.010000e-01     6.722387e-01
2.020000e-01     6.725630e-01
2.030000e-01     6.728739e-01
2.040000e-01     6.731717e-01
2.050000e-01     6.734565e-01
2.060000e-01     6.737285e-01
2.070000e-01     6.739876e-01
2.080000e-01     6.742342e-01
2.090000e-01     6.744683e-01
2.100000e-01     6.746900e-01
2.110000e-01     6.748995e-01
2.120000e-01     6.750968e-01
2.130000e-01     6.752822e-01
2.140000e-01     6.754556e-01
2.150000e-01     6.756173e-01
2.160000e-01     6.757673e-01
2.170000e-01     6.759058e-01
2.180000e-01     6.760329e-01
2.190000e-01     6.761487e-01
2.200000e-01     6.762533e-01
2.210000e-01     6.763468e-01
2.220000e-01     6.764294e-01
2.230000e-01     6.765010e-01
2.240000e-01     6.765620e-01
2.250000e-01     6.766123e-01
2.260000e-01     6.766520e-01
2.270000e-01     6.766813e-01
2.280000e-01     6.767003e-01
2.290000e-01     6.767090e-01
2.300000e-01     6.767077e-01
2.310000e-01     6.766963e-01
2.320000e-01     6.766749e-01
2.330000e-01     6.766438e-01
2.340000e-01     6.766029e-01
2.350000e-01     6.765524e-01
2.360000e-01     6.764923e-01
2.370000e-01     6.764228e-01
2.380000e-01     6.763440e-01
2.390000e-01     6.762559e-01
2.400000e-01     6.761586e-01
2.410000e-01     6.760523e-01
2.420000e-01     6.759369e-01
2.430000e-01     6.758127e-01
2.440000e-01     6.756797e-01
2.450000e-01     6.755380e-01
2.460000e-01     6.753876e-01
2.470000e-01     6.752287e-01
2.480000e-01     6.750614e-01
2.490000e-01     6.748856e-01
2.500000e-01     6.747016e-01
2.510000e-01     6.745094e-01
2.520000e-01     6.743090e-01
2.530000e-01     6.741006e-01
2.540000e-01     6.738842e-01
2.550000e-01     6.736600e-01
2.560000e-01     6.734279e-01
2.570000e-01     6.731881e-01
2.580000e-01     6.729407e-01
2.590000e-01     6.726856e-01
2.600000e-01     6.724231e-01
2.610000e-01     6.721531e-01
2.620000e-01     6.718758e-01
2.630000e-01     6.715912e-01
2.640000e-01     6.712994e-01
2.650000e-01     6.710005e-01
2.660000e-01     6.706945e-01
2.670000e-01     6.703815e-01
2.680000e-01     6.700616e-01
2.690000e-01     6.697348e-01
2.700000e-01     6.694012e-01
2.710000e-01     6.690609e-01
2.720000e-01     6.687140e-01
2.730000e-01     6.683605e-01
2.740000e-01     6.680004e-01
2.750000e-01     6.676339e-01
2.760000e-01     6.672610e-01
2.770000e-01     6.668818e-01
2.780000e-01     6.664963e-01
2.790000e-01     6.661046e-01
2.800000e-01     6.657067e-01
2.810000e-01     6.653028e-01
2.820000e-01     6.648929e-01
2.830000e-01     6.644770e-01
2.840000e-01     6.640552e-01
2.850000e-01     6.636275e-01
2.860000e-01     6.631941e-01
2.870000e-01     6.627549e-01
2.880000e-01     6.623101e-01
2.890000e-01     6.618597e-01
2.900000e-01     6.614037e-01
2.910000e-01     6.609422e-01
2.920000e-01     6.604752e-01
2.930000e-01     6.600029e-01
2.940000e-01     6.595252e-01
2.950000e-01     6.590422e-01
2.960000e-01     6.585540e-01
2.970000e-01     6.580606e-01
2.980000e-01     6.575621e-01
2.990000e-01     6.570585e-01
3.000000e-01     6.565499e-01
3.010000e-01     6.560363e-01
3.020000e-01     6.555178e-01
3.030000e-01     6.549944e-01
3.040000e-01     6.544661e-01
3.050000e-01     6.539331e-01
3.060000e-01     6.533953e-01
3.070000e-01     6.528529e-01
3.080000e-01     6.523058e-01
3.090000e-01     6.517541e-01
3.100000e-01     6.511979e-01
3.110000e-01     6.506371e-01
3.120000e-01     6.500719e-01
3.130000e-01     6.495023e-01
3.140000e-01     6.489283e-01
3.150000e-01     6.483500e-01
3.160000e-01     6.477674e-01
3.170000e-01     6.471805e-01
3.180000e-01     6.465895e-01
3.190000e-01     6.459943e-01
3.200000e-01     6.453949e-01
3.210000e-01     6.447915e-01
3.220000e-01     6.441841e-01
3.230000e-01     6.435727e-01
3.240000e-01     6.429573e-01
3.250000e-01     6.423380e-01
3.260000e-01     6.417148e-01
3.270000e-01     6.410878e-01
3.280000e-01     6.404570e-01
3.290000e-01     6.398224e-01
3.300000e-01     6.391841e-01
3.310000e-01     6.385421e-01
3.320000e-01     6.378964e-01
3.330000e-01     6.372472e-01
3.340000e-01     6.365943e-01
3.350000e-01     6.359379e-01
3.360000e-01     6.352780e-01
3.370000e-01     6.346147e-01
3.380000e-01     6.339479e-01
3.390000e-01     6.332777e-01
3.400000e-01     6.326041e-01
3.410000e-01     6.319271e-01
3.420000e-01     6.312469e-01
3.430000e-01     6.305634e-01
3.440000e-01     6.298767e-01
3.450000e-01     6.291868e-01
3.460000e-01     6.284936e-01
3.470000e-01     6.277974e-01
3.480000e-01     6.270980e-01
3.490000e-01     6.263956e-01
3.500000e-01     6.256901e-01
3.510000e-01     6.249815e-01
3.520000e-01     6.242700e-01
3.530000e-01     6.235556e-01
3.540000e-01     6.228382e-01
3.550000e-01     6.221178e-01
3.560000e-01     6.213947e-01
3.570000e-01     6.206687e-01
3.580000e-01     6.199398e-01
3.590000e-01     6.192082e-01
3.600000e-01     6.184738e-01
3.610000e-01     6.177367e-01
3.620000e-01     6.169969e-01
3.630000e-01     6.162544e-01
3.640000e-01     6.155092e-01
3.650000e-01     6.147615e-01
3.660000e-01     6.140111e-01
3.670000e-01     6.132581e-01
3.680000e-01     6.125026e-01
3.690000e-01     6.117446e-01
3.700000e-01     6.109841e-01
3.710000e-01     6.102211e-01
3.720000e-01     6.094557e-01
3.730000e-01     6.086878e-01
3.740000e-01     6.079176e-01
3.750000e-01     6.071450e-01
3.760000e-01     6.063700e-01
3.770000e-01     6.055927e-01
3.780000e-01     6.048130e-01
3.790000e-01     6.040311e-01
3.800000e-01     6.032470e-01
3.810000e-01     6.024606e-01
3.820000e-01     6.016720e-01
3.830000e-01     6.008812e-01
3.840000e-01     6.000882e-01
3.850000e-01     5.992931e-01
3.860000e-01     5.984958e-01
3.870000e-01     5.976965e-01
3.880000e-01     5.968950e-01
3.890000e-01     5.960915e-01
3.900000e-01     5.952859e-01
3.910000e-01     5.944784e-01
3.920000e-01     5.936688e-01
3.930000e-01     5.928572e-01
3.940000e-01     5.920437e-01
3.950000e-01     5.912282e-01
3.960000e-01     5.904108e-01
3.970000e-01     5.895915e-01
3.980000e-01     5.887703e-01
3.990000e-01     5.879472e-01
4.000000e-01     5.871223e-01
4.010000e-01     5.862956e-01
4.020000e-01     5.854670e-01
4.030000e-01     5.846367e-01
4.040000e-01     5.838045e-01
4.050000e-01     5.829707e-01
4.060000e-01     5.821350e-01
4.070000e-01     5.812977e-01
4.080000e-01     5.804586e-01
4.090000e-01     5.796178e-01
4.100000e-01     5.787754e-01
4.110000e-01     5.779313e-01
4.120000e-01     5.770856e-01
4.130000e-01     5.762382e-01
4.140000e-01     5.753893e-01
4.150000e-01     5.745387e-01
4.160000e-01     5.736866e-01
4.170000e-01     5.728329e-01
4.180000e-01     5.719777e-01
4.190000e-01     5.711209e-01
4.200000e-01     5.702626e-01
4.210000e-01     5.694028e-01
4.220000e-01     5.685416e-01
4.230000e-01     5.676788e-01
4.240000e-01     5.668146e-01
4.250000e-01     5.659490e-01
4.260000e-01     5.650820e-01
4.270000e-01     5.642135e-01
4.280000e-01     5.633436e-01
4.290000e-01     5.624724e-01
4.300000e-01     5.615998e-01
4.310000e-01     5.607258e-01
4.320000e-01     5.598504e-01
4.330000e-01     5.589738e-01
4.340000e-01     5.580958e-01
4.350000e-01     5.572166e-01
4.360000e-01     5.563360e-01
4.370000e-01     5.554541e-01
4.380000e-01     5.545710e-01
4.390000e-01     5.536867e-01
4.400000e-01     5.528011e-01
4.410000e-01     5.519143e-01
4.420000e-01     5.510262e-01
4.430000e-01     5.501370e-01
4.440000e-01     5.492465e-01
4.450000e-01     5.483549e-01
4.460000e-01     5.474621e-01
4.470000e-01     5.465682e-01
4.480000e-01     5.456731e-01
4.490000e-01     5.447769e-01
4.500000e-01     5.438795e-01
4.510000e-01     5.429811e-01
4.520000e-01     5.420815e-01
4.530000e-01     5.411809e-01
4.540000e-01     5.402792e-01
4.550000e-01     5.393764e-01
4.560000e-01     5.384726e-01
4.570000e-01     5.375677e-01
4.580000e-01     5.366617e-01
4.590000e-01     5.357548e-01
4.600000e-01     5.348468e-01
4.610000e-01     5.339379e-01
4.620000e-01     5.330279e-01
4.630000e-01     5.321169e-01
4.640000e-01     5.312050e-01
4.650000e-01     5.302921e-01
4.660000e-01     5.293783e-01
4.670000e-01     5.284635e-01
4.680000e-01     5.275477e-01
4.690000e-01     5.266311e-01
4.700000e-01     5.257135e-01
4.710000e-01     5.247950e-01
4.720000e-01     5.238756e-01
4.730000e-01     5.229553e-01
4.740000e-01     5.220342e-01
4.750000e-01     5.211121e-01
4.760000e-01     5.201892e-01
4.770000e-01     5.192655e-01
4.780000e-01     5.183409e-01
4.790000e-01     5.174154e-01
4.800000e-01     5.164891e-01
4.810000e-01     5.155620e-01
4.820000e-01     5.146341e-01
4.830000e-01     5.137054e-01
4.840000e-01     5.127759e-01
4.850000e-01     5.118456e-01
4.860000e-01     5.109145e-01
4.870000e-01     5.099826e-01
4.880000e-01     5.090500e-01
4.890000e-01     5.081166e-01
4.900000e-01     5.071824e-01
4.910000e-01     5.062475e-01
4.920000e-01     5.053119e-01
4.930000e-01     5.043755e-01
4.940000e-01     5.034385e-01
4.950000e-01     5.025007e-01
4.960000e-01     5.015622e-01
4.970000e-01     5.006230e-01
4.980000e-01     4.996831e-01
4.990000e-01     4.987425e-01
5.000000e-01     4.978012e-01
5.010000e-01     4.968592e-01
5.020000e-01     4.959166e-01
5.030000e-01     4.949734e-01
5.040000e-01     4.940294e-01
5.050000e-01     4.930849e-01
5.060000e-01     4.921397e-01
5.070000e-01     4.911938e-01
5.080000e-01     4.902473e-01
5.090000e-01     4.893002e-01
5.100000e-01     4.883525e-01
5.110000e-01     4.874042e-01
5.120000e-01     4.864553e-01
5.130000e-01     4.855057e-01
5.140000e-01     4.845556e-01
5.150000e-01     4.836049e-01
5.160000e-01     4.826536e-01
5.170000e-01     4.817018e-01
5.180000e-01     4.807493e-01
5.190000e-01     4.797964e-01
5.200000e-01     4.788428e-01
5.210000e-01     4.778887e-01
5.220000e-01     4.769341e-01
5.230000e-01     4.759789e-01
5.240000e-01     4.750232e-01
5.250000e-01     4.740669e-01
5.260000e-01     4.731101e-01
5.270000e-01     4.721529e-01
5.280000e-01     4.711950e-01
5.290000e-01     4.702367e-01
5.300000e-01     4.692779e-01
5.310000e-01     4.683186e-01
5.320000e-01     4.673588e-01
5.330000e-01     4.663985e-01
5.340000e-01     4.654377e-01
5.350000e-01     4.644764e-01
5.360000e-01     4.635147e-01
5.370000e-01     4.625525e-01
5.380000e-01     4.615898e-01
5.390000e-01     4.606266e-01
5.400000e-01     4.596630e-01
5.410000e-01     4.586990e-01
5.420000e-01     4.577345e-01
5.430000e-01     4.567696e-01
5.440000e-01     4.558042e-01
5.450000e-01     4.548384e-01
5.460000e-01     4.538721e-01
5.470000e-01     4.529055e-01
5.480000e-01     4.519384e-01
5.490000e-01     4.509709e-01
5.500000e-01     4.500030e-01
5.510000e-01     4.490347e-01
5.520000e-01     4.480659e-01
5.530000e-01     4.470968e-01
5.540000e-01     4.461273e-01
5.550000e-01     4.451574e-01
5.560000e-01     4.441870e-01
5.570000e-01     4.432164e-01
5.580000e-01     4.422453e-01
5.590000e-01     4.412738e-01
5.600000e-01     4.403020e-01
5.610000e-01     4.393298e-01
5.620000e-01     4.383573e-01
5.630000e-01     4.373843e-01
5.640000e-01     4.364111e-01
5.650000e-01     4.354374e-01
5.660000e-01     4.344634e-01
5.670000e-01     4.334891e-01
5.680000e-01     4.325144e-01
5.690000e-01     4.315394e-01
5.700000e-01     4.305640e-01
5.710000e-01     4.295883e-01
5.720000e-01     4.286123e-01
5.730000e-01     4.276360e-01
5.740000e-01     4.266593e-01
5.750000e-01     4.256823e-01
5.760000e-01     4.247050e-01
5.770000e-01     4.237273e-01
5.780000e-01     4.227494e-01
5.790000e-01     4.217711e-01
5.800000e-01     4.207926e-01
5.810000e-01     4.198137e-01
5.820000e-01     4.188345e-01
5.830000e-01     4.178551e-01
5.840000e-01     4.168753e-01
5.850000e-01     4.158953e-01
5.860000e-01     4.149149e-01
5.870000e-01     4.139343e-01
5.880000e-01     4.129534e-01
5.890000e-01     4.119723e-01
5.900000e-01     4.109908e-01
5.910000e-01     4.100091e-01
5.920000e-01     4.090271e-01
5.930000e-01     4.080448e-01
5.940000e-01     4.070623e-01
5.950000e-01     4.060795e-01
5.960000e-01     4.050964e-01
5.970000e-01     4.041131e-01
5.980000e-01     4.031295e-01
5.990000e-01     4.021457e-01
6.000000e-01     4.011616e-01
6.010000e-01     4.001773e-01
6.020000e-01     3.991927e-01
6.030000e-01     3.982079e-01
6.040000e-01     3.972229e-01
6.050000e-01     3.962376e-01
6.060000e-01     3.952520e-01
6.070000e-01     3.942663e-01
6.080000e-01     3.932803e-01
6.090000e-01     3.922941e-01
6.100000e-01     3.913076e-01
6.110000e-01     3.903210e-01
6.120000e-01     3.893341e-01
6.130000e-01     3.883469e-01
6.140000e-01     3.873596e-01
6.150000e-01     3.863721e-01
6.160000e-01     3.853843e-01
6.170000e-01     3.843963e-01
6.180000e-01     3.834082e-01
6.190000e-01     3.824198e-01
6.200000e-01     3.814312e-01
6.210000e-01     3.804424e-01
6.220000e-01     3.794534e-01
6.230000e-01     3.784642e-01
6.240000e-01     3.774748e-01
6.250000e-01     3.764852e-01
6.260000e-01     3.754954e-01
6.270000e-01     3.745055e-01
6.280000e-01     3.735153e-01
6.290000e-01     3.725250e-01
6.300000e-01     3.715344e-01
6.310000e-01     3.705437e-01
6.320000e-01     3.695528e-01
6.330000e-01     3.685617e-01
6.340000e-01     3.675705e-01
6.350000e-01     3.665791e-01
6.360000e-01     3.655874e-01
6.370000e-01     3.645957e-01
6.380000e-01     3.636037e-01
6.390000e-01     3.626116e-01
6.400000e-01     3.616193e-01
6.410000e-01     3.606269e-01
6.420000e-01     3.596342e-01
6.430000e-01     3.586415e-01
6.440000e-01     3.576485e-01
6.450000e-01     3.566554e-01
6.460000e-01     3.556621e-01
6.470000e-01     3.546687e-01
6.480000e-01     3.536752e-01
6.490000e-01     3.526814e-01
6.500000e-01     3.516875e-01
6.510000e-01     3.506935e-01
6.520000e-01     3.496993e-01
6.530000e-01     3.487050e-01
6.540000e-01     3.477106e-01
6.550000e-01     3.467159e-01
6.560000e-01     3.457212e-01
6.570000e-01     3.447263e-01
6.580000e-01     3.437312e-01
6.590000e-01     3.427361e-01
6.600000e-01     3.417407e-01
6.610000e-01     3.407453e-01
6.620000e-01     3.397497e-01
6.630000e-01     3.387540e-01
6.640000e-01     3.377581e-01
6.650000e-01     3.367622e-01
6.660000e-01     3.357660e-01
6.670000e-01     3.347698e-01
6.680000e-01     3.337734e-01
6.690000e-01     3.327769e-01
6.700000e-01     3.317803e-01
6.710000e-01     3.307836e-01
6.720000e-01     3.297867e-01
6.730000e-01     3.287897e-01
6.740000e-01     3.277926e-01
6.750000e-01     3.267954e-01
6.760000e-01     3.257981e-01
6.770000e-01     3.248006e-01
6.780000e-01     3.238031e-01
6.790000e-01     3.228054e-01
6.800000e-01     3.218076e-01
6.810000e-01     3.208097e-01
6.820000e-01     3.198117e-01
6.830000e-01     3.188135e-01
6.840000e-01     3.178153e-01
6.850000e-01     3.168170e-01
6.860000e-01     3.158185e-01
6.870000e-01     3.148200e-01
6.880000e-01     3.138213e-01
6.890000e-01     3.128226e-01
6.900000e-01     3.118237e-01
6.910000e-01     3.108247e-01
6.920000e-01     3.098257e-01
6.930000e-01     3.088265e-01
6.940000e-01     3.078273e-01
6.950000e-01     3.068279e-01
6.960000e-01     3.058285e-01
6.970000e-01     3.048289e-01
6.980000e-01     3.038293e-01
6.990000e-01     3.028296e-01
7.000000e-01     3.018297e-01
7.010000e-01     3.008298e-01
7.020000e-01     2.998298e-01
7.030000e-01     2.988297e-01
7.040000e-01     2.978295e-01
7.050000e-01     2.968293e-01
7.060000e-01     2.958289e-01
7.070000e-01     2.948285e-01
7.080000e-01     2.938279e-01
7.090000e-01     2.928273e-01
7.100000e-01     2.918266e-01
7.110000e-01     2.908259e-01
7.120000e-01     2.898250e-01
7.130000e-01     2.888241e-01
7.140000e-01     2.878230e-01
7.150000e-01     2.868219e-01
7.160000e-01     2.858208e-01
7.170000e-01     2.848195e-01
7.180000e-01     2.838182e-01
7.190000e-01     2.828168e-01
7.200000e-01     2.818153e-01
7.210000e-01     2.808137e-01
7.220000e-01     2.798121e-01
7.230000e-01     2.788104e-01
7.240000e-01     2.778086e-01
7.250000e-01     2.768068e-01
7.260000e-01     2.758048e-01
7.270000e-01     2.748028e-01
7.280000e-01     2.738008e-01
7.290000e-01     2.727987e-01
7.300000e-01     2.717965e-01
7.310000e-01     2.707942e-01
7.320000e-01     2.697919e-01
7.330000e-01     2.687895e-01
7.340000e-01     2.677870e-01
7.350000e-01     2.667845e-01
7.360000e-01     2.657819e-01
7.370000e-01     2.647792e-01
7.380000e-01     2.637765e-01
7.390000e-01     2.627737e-01
7.400000e-01     2.617709e-01
7.410000e-01     2.607680e-01
7.420000e-01     2.597650e-01
7.430000e-01     2.587620e-01
7.440000e-01     2.577589e-01
7.450000e-01     2.567557e-01
7.460000e-01     2.557525e-01
7.470000e-01     2.547493e-01
7.480000e-01     2.537460e-01
7.490000e-01     2.527426e-01
7.500000e-01     2.517392e-01
7.510000e-01     2.507357e-01
7.520000e-01     2.497321e-01
7.530000e-01     2.487285e-01
7.540000e-01     2.477249e-01
7.550000e-01     2.467212e-01
7.560000e-01     2.457174e-01
7.570000e-01     2.447136e-01
7.580000e-01     2.437098e-01
7.590000e-01     2.427059e-01
7.600000e-01     2.417019e-01
7.610000e-01     2.406979e-01
7.620000e-01     2.396939e-01
7.630000e-01     2.386897e-01
7.640000e-01     2.376856e-01
7.650000e-01     2.366814e-01
7.660000e-01     2.356771e-01
7.670000e-01     2.346728e-01
7.680000e-01     2.336685e-01
7.690000e-01     2.326641e-01
7.700000e-01     2.316597e-01
7.710000e-01     2.306552e-01
7.720000e-01     2.296507e-01
7.730000e-01     2.286461e-01
7.740000e-01     2.276415e-01
7.750000e-01     2.266368e-01
7.760000e-01     2.256321e-01
7.770000e-01     2.246274e-01
7.780000e-01     2.236226e-01
7.790000e-01     2.226178e-01
7.800000e-01     2.216129e-01
7.810000e-01     2.206080e-01
7.820000e-01     2.196030e-01
7.830000e-01     2.185980e-01
7.840000e-01     2.175930e-01
7.850000e-01     2.165879e-01
7.860000e-01     2.155828e-01
7.870000e-01     2.145777e-01
7.880000e-01     2.135725e-01
7.890000e-01     2.125673e-01
7.900000e-01     2.115620e-01
7.910000e-01     2.105567e-01
7.920000e-01     2.095514e-01
7.930000e-01     2.085460e-01
7.940000e-01     2.075406e-01
7.950000e-01     2.065351e-01
7.960000e-01     2.055297e-01
7.970000e-01     2.045242e-01
7.980000e-01     2.035186e-01
7.990000e-01     2.025130e-01
8.000000e-01     2.015074e-01
8.010000e-01     2.005018e-01
8.020000e-01     1.994961e-01
8.030000e-01     1.984904e-01
8.040000e-01     1.974846e-01
8.050000e-01     1.964788e-01
8.060000e-01     1.954730e-01
8.070000e-01     1.944672e-01
8.080000e-01     1.934613e-01
8.090000e-01     1.924554e-01
8.100000e-01     1.914495e-01
8.110000e-01     1.904435e-01
8.120000e-01     1.894375e-01
8.130000e-01     1.884315e-01
8.140000e-01     1.874254e-01
8.150000e-01     1.864193e-01
8.160000e-01     1.854132e-01
8.170000e-01     1.844071e-01
8.180000e-01     1.834009e-01
8.190000e-01     1.823947e-01
8.200000e-01     1.813885e-01
8.210000e-01     1.803822e-01
8.220000e-01     1.793759e-01
8.230000e-01     1.783696e-01
8.240000e-01     1.773633e-01
8.250000e-01     1.763569e-01
8.260000e-01     1.753505e-01
8.270000e-01     1.743441e-01
8.280000e-01     1.733377e-01
8.290000e-01     1.723312e-01
8.300000e-01     1.713247e-01
8.310000e-01     1.703182e-01
8.320000e-01     1.693117e-01
8.330000e-01     1.683051e-01
8.340000e-01     1.672985e-01
8.350000e-01     1.662919e-01
8.360000e-01     1.652853e-01
8.370000e-01     1.642786e-01
8.380000e-01     1.632719e-01
8.390000e-01     1.622652e-01
8.400000e-01     1.612585e-01
8.410000e-01     1.602518e-01
8.420000e-01     1.592450e-01
8.430000e-01     1.582382e-01
8.440000e-01     1.572314e-01
8.450000e-01     1.562245e-01
8.460000e-01     1.552177e-01
8.470000e-01     1.542108e-01
8.480000e-01     1.532039e-01
8.490000e-01     1.521970e-01
8.500000e-01     1.511900e-01
8.510000e-01     1.501831e-01
8.520000e-01     1.491761e-01
8.530000e-01     1.481691e-01
8.540000e-01     1.471621e-01
8.550000e-01     1.461550e-01
8.560000e-01     1.451480e-01
8.570000e-01     1.441409e-01
8.580000e-01     1.431338e-01
8.590000e-01     1.421267e-01
8.600000e-01     1.411195e-01
8.610000e-01     1.401124e-01
8.620000e-01     1.391052e-01
8.630000e-01     1.380980e-01
8.640000e-01     1.370908e-01
8.650000e-01     1.360836e-01
8.660000e-01     1.350763e-01
8.670000e-01     1.340691e-01
8.680000e-01     1.330618e-01
8.690000e-01     1.320545e-01
8.700000e-01     1.310472e-01
8.710000e-01     1.300398e-01
8.720000e-01     1.290325e-01
8.730000e-01     1.280251e-01
8.740000e-01     1.270178e-01
8.750000e-01     1.260104e-01
8.760000e-01     1.250029e-01
8.770000e-01     1.239955e-01
8.780000e-01     1.229881e-01
8.790000e-01     1.219806e-01
8.800000e-01     1.209732e-01
8.810000e-01     1.199657e-01
8.820000e-01     1.189582e-01
8.830000e-01     1.179506e-01
8.840000e-01     1.169431e-01
8.850000e-01     1.159356e-01
8.860000e-01     1.149280e-01
8.870000e-01     1.139204e-01
8.880000e-01     1.129128e-01
8.890000e-01     1.119052e-01
8.900000e-01     1.108976e-01
8.910000e-01     1.098900e-01
8.920000e-01     1.088823e-01
8.930000e-01     1.078747e-01
8.940000e-01     1.068670e-01
8.950000e-01     1.058593e-01
8.960000e-01     1.048516e-01
8.970000e-01     1.038439e-01
8.980000e-01     1.028362e-01
8.990000e-01     1.018285e-01
9.000000e-01     1.008207e-01
9.010000e-01     9.981297e-02
9.020000e-01     9.880520e-02
9.030000e-01     9.779741e-02
9.040000e-01     9.678962e-02
9.050000e-01     9.578181e-02
9.060000e-01     9.477399e-02
9.070000e-01     9.376616e-02
9.080000e-01     9.275832e-02
9.090000e-01     9.175046e-02
9.100000e-01     9.074260e-02
9.110000e-01     8.973472e-02
9.120000e-01     8.872683e-02
9.130000e-01     8.771894e-02
9.140000e-01     8.671103e-02
9.150000e-01     8.570311e-02
9.160000e-01     8.469518e-02
9.170000e-01     8.368724e-02
9.180000e-01     8.267928e-02
9.190000e-01     8.167132e-02
9.200000e-01     8.066335e-02
9.210000e-01     7.965537e-02
9.220000e-01     7.864738e-02
9.230000e-01     7.763937e-02
9.240000e-01     7.663136e-02
9.250000e-01     7.562334e-02
9.260000e-01     7.461531e-02
9.270000e-01     7.360727e-02
9.280000e-01     7.259922e-02
9.290000e-01     7.159116e-02
9.300000e-01     7.058309e-02
9.310000e-01     6.957501e-02
9.320000e-01     6.856693e-02
9.330000e-01     6.755883e-02
9.340000e-01     6.655073e-02
9.350000e-01     6.554261e-02
9.360000e-01     6.453449e-02
9.370000e-01     6.352636e-02
9.380000e-01     6.251822e-02
9.390000e-01     6.151007e-02
9.400000e-01     6.050192e-02
9.410000e-01     5.949375e-02
9.420000e-01     5.848558e-02
9.430000e-01     5.747740e-02
9.440000e-01     5.646921e-02
9.450000e-01     5.546102e-02
9.460000e-01     5.445281e-02
9.470000e-01     5.344460e-02
9.480000e-01     5.243638e-02
9.490000e-01     5.142815e-02
9.500000e-01     5.041992e-02
9.510000e-01     4.941167e-02
9.520000e-01     4.840342e-02
9.530000e-01     4.739517e-02
9.540000e-01     4.638690e-02
9.550000e-01     4.537863e-02
9.560000e-01     4.437035e-02
9.570000e-01     4.336207e-02
9.580000e-01     4.235377e-02
9.590000e-01     4.134547e-02
9.600000e-01     4.033717e-02
9.610000e-01     3.932885e-02
9.620000e-01     3.832053e-02
9.630000e-01     3.731221e-02
9.640000e-01     3.630387e-02
9.650000e-01     3.529553e-02
9.660000e-01     3.428719e-02
9.670000e-01     3.327883e-02
9.680000e-01     3.227047e-02
9.690000e-01     3.126211e-02
9.700000e-01     3.025374e-02
9.710000e-01     2.924536e-02
9.720000e-01     2.823698e-02
9.730000e-01     2.722859e-02
9.740000e-01     2.622019e-02
9.750000e-01     2.521179e-02
9.760000e-01     2.420338e-02
9.770000e-01     2.319497e-02
9.780000e-01     2.218655e-02
9.790000e-01     2.117813e-02
9.800000e-01     2.016970e-02
9.810000e-01     1.916126e-02
9.820000e-01     1.815282e-02
9.830000e-01     1.714437e-02
9.840000e-01     1.613592e-02
9.850000e-01     1.512746e-02
9.860000e-01     1.411900e-02
9.870000e-01     1.311053e-02
9.880000e-01     1.210206e-02
9.890000e-01     1.109358e-02
9.900000e-01     1.008510e-02
9.910000e-01     9.076611e-03
9.920000e-01     8.068118e-03
9.930000e-01     7.059620e-03
9.940000e-01     6.051117e-03
9.950000e-01     5.042609e-03
9.960000e-01     4.034097e-03
9.970000e-01     3.025579e-03
9.980000e-01     2.017058e-03
9.990000e-01     1.008531e-03
